1661159537 2914
1661174879 10846
1661175005 13136
1661178586 13260
1661179007 13307
1661179276 13309
1661181691 13367
1661181732 13404
1661181740 13404
1661266322 13538
1661266352 13889
1661334610 13998
1661334760 13998
1661344874 13999
1661344891 14198
1661353654 14508
1661353660 14491
1661353930 14452
1661418921 14459
1661418928 14477
1661419815 14507
1661419822 14529
1661422564 14561
1661422687 14828
1661422891 14828
1661422896 14832
1661423076 14836
1661501868 15156
1661501880 15280
1661505415 15286
1661507586 15290
1661509434 15281
1661509463 15218
1661516902 15253
1661517113 15269
1661519040 15355
1661519335 15356
1661519358 15355
1661756220 15363
1661757025 15378
1661757965 15429
1661761444 15380
1661761449 15340
1661766111 15369
1661766163 15440
1661766178 15442
1661767611 15460
1661767645 15492
1661787116 15513
1661787331 15656
1661843053 15668
1661850634 15720
1661850705 15775
1661862698 15815
1661862887 16014
1661862937 16047
1661865209 16066
1661865212 16115
1661869404 16103
1661869456 16104
1661869710 16104
1661869988 16101
1661871104 16109
1661871189 16112
1661873594 16178
1661873606 16365
1661930298 16366
1661930307 16369
1661937369 16392
1661937375 16886
1661951550 17033
1661951583 17070
1661954422 17060
1661954427 17122
1661956557 17132
1661956611 17138
1661957060 17177
1661959215 17184
1661959220 17183
1662038717 17365
1662038923 17789
1662044384 17813
1662044438 17812
1662045423 17765
1662047212 17765
